{
 "cells": [
  {
   "cell_type": "code",
   "execution_count": 1,
   "id": "d97bb201",
   "metadata": {},
   "outputs": [],
   "source": [
    "import numpy as np\n",
    "import pandas as pd\n",
    "import matplotlib.pyplot as plt"
   ]
  },
  {
   "cell_type": "code",
   "execution_count": 2,
   "id": "c2164e39",
   "metadata": {},
   "outputs": [
    {
     "data": {
      "text/html": [
       "<div>\n",
       "<style scoped>\n",
       "    .dataframe tbody tr th:only-of-type {\n",
       "        vertical-align: middle;\n",
       "    }\n",
       "\n",
       "    .dataframe tbody tr th {\n",
       "        vertical-align: top;\n",
       "    }\n",
       "\n",
       "    .dataframe thead th {\n",
       "        text-align: right;\n",
       "    }\n",
       "</style>\n",
       "<table border=\"1\" class=\"dataframe\">\n",
       "  <thead>\n",
       "    <tr style=\"text-align: right;\">\n",
       "      <th></th>\n",
       "      <th>A</th>\n",
       "      <th>R</th>\n",
       "      <th>N</th>\n",
       "      <th>D</th>\n",
       "      <th>C</th>\n",
       "      <th>Q</th>\n",
       "      <th>E</th>\n",
       "      <th>G</th>\n",
       "      <th>H</th>\n",
       "      <th>I</th>\n",
       "      <th>L</th>\n",
       "      <th>K</th>\n",
       "      <th>M</th>\n",
       "      <th>F</th>\n",
       "      <th>P</th>\n",
       "      <th>S</th>\n",
       "      <th>T</th>\n",
       "      <th>W</th>\n",
       "      <th>Y</th>\n",
       "      <th>V</th>\n",
       "    </tr>\n",
       "  </thead>\n",
       "  <tbody>\n",
       "    <tr>\n",
       "      <th>0</th>\n",
       "      <td>0.000000</td>\n",
       "      <td>0.984613</td>\n",
       "      <td>0.959682</td>\n",
       "      <td>0.941983</td>\n",
       "      <td>0.940685</td>\n",
       "      <td>0.956464</td>\n",
       "      <td>0.899443</td>\n",
       "      <td>0.759514</td>\n",
       "      <td>0.984746</td>\n",
       "      <td>0.969225</td>\n",
       "      <td>0.950986</td>\n",
       "      <td>0.979323</td>\n",
       "      <td>0.972241</td>\n",
       "      <td>0.978383</td>\n",
       "      <td>0.806391</td>\n",
       "      <td>0.785362</td>\n",
       "      <td>0.795156</td>\n",
       "      <td>1.000000</td>\n",
       "      <td>0.977373</td>\n",
       "      <td>0.860219</td>\n",
       "    </tr>\n",
       "    <tr>\n",
       "      <th>1</th>\n",
       "      <td>0.984613</td>\n",
       "      <td>0.000000</td>\n",
       "      <td>0.991377</td>\n",
       "      <td>1.000000</td>\n",
       "      <td>0.975668</td>\n",
       "      <td>0.907352</td>\n",
       "      <td>1.000000</td>\n",
       "      <td>0.994186</td>\n",
       "      <td>0.896017</td>\n",
       "      <td>0.976744</td>\n",
       "      <td>0.984752</td>\n",
       "      <td>0.659884</td>\n",
       "      <td>0.978186</td>\n",
       "      <td>0.985257</td>\n",
       "      <td>0.944614</td>\n",
       "      <td>0.917297</td>\n",
       "      <td>0.984555</td>\n",
       "      <td>0.821705</td>\n",
       "      <td>1.000000</td>\n",
       "      <td>0.983322</td>\n",
       "    </tr>\n",
       "    <tr>\n",
       "      <th>2</th>\n",
       "      <td>0.959682</td>\n",
       "      <td>0.991377</td>\n",
       "      <td>0.000000</td>\n",
       "      <td>0.754363</td>\n",
       "      <td>1.000000</td>\n",
       "      <td>0.972635</td>\n",
       "      <td>0.958115</td>\n",
       "      <td>0.920138</td>\n",
       "      <td>0.828749</td>\n",
       "      <td>0.979945</td>\n",
       "      <td>0.982139</td>\n",
       "      <td>0.844249</td>\n",
       "      <td>1.000000</td>\n",
       "      <td>0.988262</td>\n",
       "      <td>0.981224</td>\n",
       "      <td>0.841994</td>\n",
       "      <td>0.929132</td>\n",
       "      <td>0.979167</td>\n",
       "      <td>0.953837</td>\n",
       "      <td>0.992141</td>\n",
       "    </tr>\n",
       "    <tr>\n",
       "      <th>3</th>\n",
       "      <td>0.941983</td>\n",
       "      <td>1.000000</td>\n",
       "      <td>0.754363</td>\n",
       "      <td>0.000000</td>\n",
       "      <td>1.000000</td>\n",
       "      <td>0.958076</td>\n",
       "      <td>0.605122</td>\n",
       "      <td>0.914839</td>\n",
       "      <td>0.966373</td>\n",
       "      <td>0.992578</td>\n",
       "      <td>1.000000</td>\n",
       "      <td>0.958987</td>\n",
       "      <td>1.000000</td>\n",
       "      <td>1.000000</td>\n",
       "      <td>0.989875</td>\n",
       "      <td>0.959552</td>\n",
       "      <td>0.974365</td>\n",
       "      <td>1.000000</td>\n",
       "      <td>1.000000</td>\n",
       "      <td>0.991403</td>\n",
       "    </tr>\n",
       "    <tr>\n",
       "      <th>4</th>\n",
       "      <td>0.940685</td>\n",
       "      <td>0.975668</td>\n",
       "      <td>1.000000</td>\n",
       "      <td>1.000000</td>\n",
       "      <td>0.000000</td>\n",
       "      <td>1.000000</td>\n",
       "      <td>1.000000</td>\n",
       "      <td>0.981481</td>\n",
       "      <td>0.975734</td>\n",
       "      <td>0.959087</td>\n",
       "      <td>1.000000</td>\n",
       "      <td>1.000000</td>\n",
       "      <td>1.000000</td>\n",
       "      <td>1.000000</td>\n",
       "      <td>0.974903</td>\n",
       "      <td>0.780671</td>\n",
       "      <td>0.977665</td>\n",
       "      <td>1.000000</td>\n",
       "      <td>0.916143</td>\n",
       "      <td>0.934343</td>\n",
       "    </tr>\n",
       "    <tr>\n",
       "      <th>5</th>\n",
       "      <td>0.956464</td>\n",
       "      <td>0.907352</td>\n",
       "      <td>0.972635</td>\n",
       "      <td>0.958076</td>\n",
       "      <td>1.000000</td>\n",
       "      <td>0.000000</td>\n",
       "      <td>0.758871</td>\n",
       "      <td>0.980211</td>\n",
       "      <td>0.787171</td>\n",
       "      <td>0.992092</td>\n",
       "      <td>0.947505</td>\n",
       "      <td>0.912139</td>\n",
       "      <td>0.975935</td>\n",
       "      <td>1.000000</td>\n",
       "      <td>0.928268</td>\n",
       "      <td>0.977621</td>\n",
       "      <td>0.980270</td>\n",
       "      <td>1.000000</td>\n",
       "      <td>1.000000</td>\n",
       "      <td>0.986885</td>\n",
       "    </tr>\n",
       "    <tr>\n",
       "      <th>6</th>\n",
       "      <td>0.899443</td>\n",
       "      <td>1.000000</td>\n",
       "      <td>0.958115</td>\n",
       "      <td>0.605122</td>\n",
       "      <td>1.000000</td>\n",
       "      <td>0.758871</td>\n",
       "      <td>0.000000</td>\n",
       "      <td>0.943305</td>\n",
       "      <td>0.984802</td>\n",
       "      <td>0.980965</td>\n",
       "      <td>0.986862</td>\n",
       "      <td>0.947758</td>\n",
       "      <td>0.996000</td>\n",
       "      <td>1.000000</td>\n",
       "      <td>0.969152</td>\n",
       "      <td>0.965278</td>\n",
       "      <td>0.984959</td>\n",
       "      <td>1.000000</td>\n",
       "      <td>0.986862</td>\n",
       "      <td>0.982492</td>\n",
       "    </tr>\n",
       "    <tr>\n",
       "      <th>7</th>\n",
       "      <td>0.759514</td>\n",
       "      <td>0.994186</td>\n",
       "      <td>0.920138</td>\n",
       "      <td>0.914839</td>\n",
       "      <td>0.981481</td>\n",
       "      <td>0.980211</td>\n",
       "      <td>0.943305</td>\n",
       "      <td>0.000000</td>\n",
       "      <td>0.994253</td>\n",
       "      <td>1.000000</td>\n",
       "      <td>0.982874</td>\n",
       "      <td>0.971457</td>\n",
       "      <td>0.996000</td>\n",
       "      <td>0.983379</td>\n",
       "      <td>0.964879</td>\n",
       "      <td>0.811298</td>\n",
       "      <td>0.973165</td>\n",
       "      <td>1.000000</td>\n",
       "      <td>1.000000</td>\n",
       "      <td>0.951671</td>\n",
       "    </tr>\n",
       "    <tr>\n",
       "      <th>8</th>\n",
       "      <td>0.984746</td>\n",
       "      <td>0.896017</td>\n",
       "      <td>0.828749</td>\n",
       "      <td>0.966373</td>\n",
       "      <td>0.975734</td>\n",
       "      <td>0.787171</td>\n",
       "      <td>0.984802</td>\n",
       "      <td>0.994253</td>\n",
       "      <td>0.000000</td>\n",
       "      <td>1.000000</td>\n",
       "      <td>0.967578</td>\n",
       "      <td>0.981927</td>\n",
       "      <td>1.000000</td>\n",
       "      <td>0.970649</td>\n",
       "      <td>0.951528</td>\n",
       "      <td>0.985381</td>\n",
       "      <td>0.990436</td>\n",
       "      <td>0.979167</td>\n",
       "      <td>0.939276</td>\n",
       "      <td>0.977708</td>\n",
       "    </tr>\n",
       "    <tr>\n",
       "      <th>9</th>\n",
       "      <td>0.969225</td>\n",
       "      <td>0.976744</td>\n",
       "      <td>0.979945</td>\n",
       "      <td>0.992578</td>\n",
       "      <td>0.959087</td>\n",
       "      <td>0.992092</td>\n",
       "      <td>0.980965</td>\n",
       "      <td>1.000000</td>\n",
       "      <td>1.000000</td>\n",
       "      <td>0.000000</td>\n",
       "      <td>0.829823</td>\n",
       "      <td>0.971338</td>\n",
       "      <td>0.932620</td>\n",
       "      <td>0.906492</td>\n",
       "      <td>0.996124</td>\n",
       "      <td>0.989123</td>\n",
       "      <td>0.930647</td>\n",
       "      <td>1.000000</td>\n",
       "      <td>0.986690</td>\n",
       "      <td>0.612403</td>\n",
       "    </tr>\n",
       "    <tr>\n",
       "      <th>10</th>\n",
       "      <td>0.950986</td>\n",
       "      <td>0.984752</td>\n",
       "      <td>0.982139</td>\n",
       "      <td>1.000000</td>\n",
       "      <td>1.000000</td>\n",
       "      <td>0.947505</td>\n",
       "      <td>0.986862</td>\n",
       "      <td>0.982874</td>\n",
       "      <td>0.967578</td>\n",
       "      <td>0.829823</td>\n",
       "      <td>0.000000</td>\n",
       "      <td>0.977408</td>\n",
       "      <td>0.744528</td>\n",
       "      <td>0.827325</td>\n",
       "      <td>0.961395</td>\n",
       "      <td>0.987441</td>\n",
       "      <td>0.969682</td>\n",
       "      <td>0.916667</td>\n",
       "      <td>0.971698</td>\n",
       "      <td>0.820469</td>\n",
       "    </tr>\n",
       "    <tr>\n",
       "      <th>11</th>\n",
       "      <td>0.979323</td>\n",
       "      <td>0.659884</td>\n",
       "      <td>0.844249</td>\n",
       "      <td>0.958987</td>\n",
       "      <td>1.000000</td>\n",
       "      <td>0.912139</td>\n",
       "      <td>0.947758</td>\n",
       "      <td>0.971457</td>\n",
       "      <td>0.981927</td>\n",
       "      <td>0.971338</td>\n",
       "      <td>0.977408</td>\n",
       "      <td>0.000000</td>\n",
       "      <td>0.893684</td>\n",
       "      <td>1.000000</td>\n",
       "      <td>0.967105</td>\n",
       "      <td>0.928947</td>\n",
       "      <td>0.905384</td>\n",
       "      <td>1.000000</td>\n",
       "      <td>0.990566</td>\n",
       "      <td>0.988371</td>\n",
       "    </tr>\n",
       "    <tr>\n",
       "      <th>12</th>\n",
       "      <td>0.972241</td>\n",
       "      <td>0.978186</td>\n",
       "      <td>1.000000</td>\n",
       "      <td>1.000000</td>\n",
       "      <td>1.000000</td>\n",
       "      <td>0.975935</td>\n",
       "      <td>0.996000</td>\n",
       "      <td>0.996000</td>\n",
       "      <td>1.000000</td>\n",
       "      <td>0.932620</td>\n",
       "      <td>0.744528</td>\n",
       "      <td>0.893684</td>\n",
       "      <td>0.000000</td>\n",
       "      <td>0.975071</td>\n",
       "      <td>0.996000</td>\n",
       "      <td>0.980875</td>\n",
       "      <td>0.968366</td>\n",
       "      <td>1.000000</td>\n",
       "      <td>1.000000</td>\n",
       "      <td>0.911798</td>\n",
       "    </tr>\n",
       "    <tr>\n",
       "      <th>13</th>\n",
       "      <td>0.978383</td>\n",
       "      <td>0.985257</td>\n",
       "      <td>0.988262</td>\n",
       "      <td>1.000000</td>\n",
       "      <td>1.000000</td>\n",
       "      <td>1.000000</td>\n",
       "      <td>1.000000</td>\n",
       "      <td>0.983379</td>\n",
       "      <td>0.970649</td>\n",
       "      <td>0.906492</td>\n",
       "      <td>0.827325</td>\n",
       "      <td>1.000000</td>\n",
       "      <td>0.975071</td>\n",
       "      <td>0.000000</td>\n",
       "      <td>0.991071</td>\n",
       "      <td>0.966964</td>\n",
       "      <td>0.987255</td>\n",
       "      <td>0.928571</td>\n",
       "      <td>0.548349</td>\n",
       "      <td>0.991071</td>\n",
       "    </tr>\n",
       "    <tr>\n",
       "      <th>14</th>\n",
       "      <td>0.806391</td>\n",
       "      <td>0.944614</td>\n",
       "      <td>0.981224</td>\n",
       "      <td>0.989875</td>\n",
       "      <td>0.974903</td>\n",
       "      <td>0.928268</td>\n",
       "      <td>0.969152</td>\n",
       "      <td>0.964879</td>\n",
       "      <td>0.951528</td>\n",
       "      <td>0.996124</td>\n",
       "      <td>0.961395</td>\n",
       "      <td>0.967105</td>\n",
       "      <td>0.996000</td>\n",
       "      <td>0.991071</td>\n",
       "      <td>0.000000</td>\n",
       "      <td>0.850658</td>\n",
       "      <td>0.951838</td>\n",
       "      <td>1.000000</td>\n",
       "      <td>1.000000</td>\n",
       "      <td>0.970162</td>\n",
       "    </tr>\n",
       "    <tr>\n",
       "      <th>15</th>\n",
       "      <td>0.785362</td>\n",
       "      <td>0.917297</td>\n",
       "      <td>0.841994</td>\n",
       "      <td>0.959552</td>\n",
       "      <td>0.780671</td>\n",
       "      <td>0.977621</td>\n",
       "      <td>0.965278</td>\n",
       "      <td>0.811298</td>\n",
       "      <td>0.985381</td>\n",
       "      <td>0.989123</td>\n",
       "      <td>0.987441</td>\n",
       "      <td>0.928947</td>\n",
       "      <td>0.980875</td>\n",
       "      <td>0.966964</td>\n",
       "      <td>0.850658</td>\n",
       "      <td>0.000000</td>\n",
       "      <td>0.754962</td>\n",
       "      <td>0.892708</td>\n",
       "      <td>0.978007</td>\n",
       "      <td>0.983649</td>\n",
       "    </tr>\n",
       "    <tr>\n",
       "      <th>16</th>\n",
       "      <td>0.795156</td>\n",
       "      <td>0.984555</td>\n",
       "      <td>0.929132</td>\n",
       "      <td>0.974365</td>\n",
       "      <td>0.977665</td>\n",
       "      <td>0.980270</td>\n",
       "      <td>0.984959</td>\n",
       "      <td>0.973165</td>\n",
       "      <td>0.990436</td>\n",
       "      <td>0.930647</td>\n",
       "      <td>0.969682</td>\n",
       "      <td>0.905384</td>\n",
       "      <td>0.968366</td>\n",
       "      <td>0.987255</td>\n",
       "      <td>0.951838</td>\n",
       "      <td>0.754962</td>\n",
       "      <td>0.000000</td>\n",
       "      <td>1.000000</td>\n",
       "      <td>0.977315</td>\n",
       "      <td>0.916378</td>\n",
       "    </tr>\n",
       "    <tr>\n",
       "      <th>17</th>\n",
       "      <td>1.000000</td>\n",
       "      <td>0.821705</td>\n",
       "      <td>0.979167</td>\n",
       "      <td>1.000000</td>\n",
       "      <td>1.000000</td>\n",
       "      <td>1.000000</td>\n",
       "      <td>1.000000</td>\n",
       "      <td>1.000000</td>\n",
       "      <td>0.979167</td>\n",
       "      <td>1.000000</td>\n",
       "      <td>0.916667</td>\n",
       "      <td>1.000000</td>\n",
       "      <td>1.000000</td>\n",
       "      <td>0.928571</td>\n",
       "      <td>1.000000</td>\n",
       "      <td>0.892708</td>\n",
       "      <td>1.000000</td>\n",
       "      <td>0.000000</td>\n",
       "      <td>0.948899</td>\n",
       "      <td>1.000000</td>\n",
       "    </tr>\n",
       "    <tr>\n",
       "      <th>18</th>\n",
       "      <td>0.977373</td>\n",
       "      <td>1.000000</td>\n",
       "      <td>0.953837</td>\n",
       "      <td>1.000000</td>\n",
       "      <td>0.916143</td>\n",
       "      <td>1.000000</td>\n",
       "      <td>0.986862</td>\n",
       "      <td>1.000000</td>\n",
       "      <td>0.939276</td>\n",
       "      <td>0.986690</td>\n",
       "      <td>0.971698</td>\n",
       "      <td>0.990566</td>\n",
       "      <td>1.000000</td>\n",
       "      <td>0.548349</td>\n",
       "      <td>1.000000</td>\n",
       "      <td>0.978007</td>\n",
       "      <td>0.977315</td>\n",
       "      <td>0.948899</td>\n",
       "      <td>0.000000</td>\n",
       "      <td>0.976082</td>\n",
       "    </tr>\n",
       "    <tr>\n",
       "      <th>19</th>\n",
       "      <td>0.860219</td>\n",
       "      <td>0.983322</td>\n",
       "      <td>0.992141</td>\n",
       "      <td>0.991403</td>\n",
       "      <td>0.934343</td>\n",
       "      <td>0.986885</td>\n",
       "      <td>0.982492</td>\n",
       "      <td>0.951671</td>\n",
       "      <td>0.977708</td>\n",
       "      <td>0.612403</td>\n",
       "      <td>0.820469</td>\n",
       "      <td>0.988371</td>\n",
       "      <td>0.911798</td>\n",
       "      <td>0.991071</td>\n",
       "      <td>0.970162</td>\n",
       "      <td>0.983649</td>\n",
       "      <td>0.916378</td>\n",
       "      <td>1.000000</td>\n",
       "      <td>0.976082</td>\n",
       "      <td>0.000000</td>\n",
       "    </tr>\n",
       "  </tbody>\n",
       "</table>\n",
       "</div>"
      ],
      "text/plain": [
       "           A         R         N         D         C         Q         E  \\\n",
       "0   0.000000  0.984613  0.959682  0.941983  0.940685  0.956464  0.899443   \n",
       "1   0.984613  0.000000  0.991377  1.000000  0.975668  0.907352  1.000000   \n",
       "2   0.959682  0.991377  0.000000  0.754363  1.000000  0.972635  0.958115   \n",
       "3   0.941983  1.000000  0.754363  0.000000  1.000000  0.958076  0.605122   \n",
       "4   0.940685  0.975668  1.000000  1.000000  0.000000  1.000000  1.000000   \n",
       "5   0.956464  0.907352  0.972635  0.958076  1.000000  0.000000  0.758871   \n",
       "6   0.899443  1.000000  0.958115  0.605122  1.000000  0.758871  0.000000   \n",
       "7   0.759514  0.994186  0.920138  0.914839  0.981481  0.980211  0.943305   \n",
       "8   0.984746  0.896017  0.828749  0.966373  0.975734  0.787171  0.984802   \n",
       "9   0.969225  0.976744  0.979945  0.992578  0.959087  0.992092  0.980965   \n",
       "10  0.950986  0.984752  0.982139  1.000000  1.000000  0.947505  0.986862   \n",
       "11  0.979323  0.659884  0.844249  0.958987  1.000000  0.912139  0.947758   \n",
       "12  0.972241  0.978186  1.000000  1.000000  1.000000  0.975935  0.996000   \n",
       "13  0.978383  0.985257  0.988262  1.000000  1.000000  1.000000  1.000000   \n",
       "14  0.806391  0.944614  0.981224  0.989875  0.974903  0.928268  0.969152   \n",
       "15  0.785362  0.917297  0.841994  0.959552  0.780671  0.977621  0.965278   \n",
       "16  0.795156  0.984555  0.929132  0.974365  0.977665  0.980270  0.984959   \n",
       "17  1.000000  0.821705  0.979167  1.000000  1.000000  1.000000  1.000000   \n",
       "18  0.977373  1.000000  0.953837  1.000000  0.916143  1.000000  0.986862   \n",
       "19  0.860219  0.983322  0.992141  0.991403  0.934343  0.986885  0.982492   \n",
       "\n",
       "           G         H         I         L         K         M         F  \\\n",
       "0   0.759514  0.984746  0.969225  0.950986  0.979323  0.972241  0.978383   \n",
       "1   0.994186  0.896017  0.976744  0.984752  0.659884  0.978186  0.985257   \n",
       "2   0.920138  0.828749  0.979945  0.982139  0.844249  1.000000  0.988262   \n",
       "3   0.914839  0.966373  0.992578  1.000000  0.958987  1.000000  1.000000   \n",
       "4   0.981481  0.975734  0.959087  1.000000  1.000000  1.000000  1.000000   \n",
       "5   0.980211  0.787171  0.992092  0.947505  0.912139  0.975935  1.000000   \n",
       "6   0.943305  0.984802  0.980965  0.986862  0.947758  0.996000  1.000000   \n",
       "7   0.000000  0.994253  1.000000  0.982874  0.971457  0.996000  0.983379   \n",
       "8   0.994253  0.000000  1.000000  0.967578  0.981927  1.000000  0.970649   \n",
       "9   1.000000  1.000000  0.000000  0.829823  0.971338  0.932620  0.906492   \n",
       "10  0.982874  0.967578  0.829823  0.000000  0.977408  0.744528  0.827325   \n",
       "11  0.971457  0.981927  0.971338  0.977408  0.000000  0.893684  1.000000   \n",
       "12  0.996000  1.000000  0.932620  0.744528  0.893684  0.000000  0.975071   \n",
       "13  0.983379  0.970649  0.906492  0.827325  1.000000  0.975071  0.000000   \n",
       "14  0.964879  0.951528  0.996124  0.961395  0.967105  0.996000  0.991071   \n",
       "15  0.811298  0.985381  0.989123  0.987441  0.928947  0.980875  0.966964   \n",
       "16  0.973165  0.990436  0.930647  0.969682  0.905384  0.968366  0.987255   \n",
       "17  1.000000  0.979167  1.000000  0.916667  1.000000  1.000000  0.928571   \n",
       "18  1.000000  0.939276  0.986690  0.971698  0.990566  1.000000  0.548349   \n",
       "19  0.951671  0.977708  0.612403  0.820469  0.988371  0.911798  0.991071   \n",
       "\n",
       "           P         S         T         W         Y         V  \n",
       "0   0.806391  0.785362  0.795156  1.000000  0.977373  0.860219  \n",
       "1   0.944614  0.917297  0.984555  0.821705  1.000000  0.983322  \n",
       "2   0.981224  0.841994  0.929132  0.979167  0.953837  0.992141  \n",
       "3   0.989875  0.959552  0.974365  1.000000  1.000000  0.991403  \n",
       "4   0.974903  0.780671  0.977665  1.000000  0.916143  0.934343  \n",
       "5   0.928268  0.977621  0.980270  1.000000  1.000000  0.986885  \n",
       "6   0.969152  0.965278  0.984959  1.000000  0.986862  0.982492  \n",
       "7   0.964879  0.811298  0.973165  1.000000  1.000000  0.951671  \n",
       "8   0.951528  0.985381  0.990436  0.979167  0.939276  0.977708  \n",
       "9   0.996124  0.989123  0.930647  1.000000  0.986690  0.612403  \n",
       "10  0.961395  0.987441  0.969682  0.916667  0.971698  0.820469  \n",
       "11  0.967105  0.928947  0.905384  1.000000  0.990566  0.988371  \n",
       "12  0.996000  0.980875  0.968366  1.000000  1.000000  0.911798  \n",
       "13  0.991071  0.966964  0.987255  0.928571  0.548349  0.991071  \n",
       "14  0.000000  0.850658  0.951838  1.000000  1.000000  0.970162  \n",
       "15  0.850658  0.000000  0.754962  0.892708  0.978007  0.983649  \n",
       "16  0.951838  0.754962  0.000000  1.000000  0.977315  0.916378  \n",
       "17  1.000000  0.892708  1.000000  0.000000  0.948899  1.000000  \n",
       "18  1.000000  0.978007  0.977315  0.948899  0.000000  0.976082  \n",
       "19  0.970162  0.983649  0.916378  1.000000  0.976082  0.000000  "
      ]
     },
     "execution_count": 2,
     "metadata": {},
     "output_type": "execute_result"
    }
   ],
   "source": [
    "df = pd.read_csv('DistPAM1.csv')\n",
    "df = df.drop(columns = ['Unnamed: 0'])\n",
    "df"
   ]
  },
  {
   "cell_type": "code",
   "execution_count": 3,
   "id": "1480dabe",
   "metadata": {},
   "outputs": [],
   "source": [
    "distances = np.array(df).reshape(-1)\n",
    "distances = distances[distances != 0]"
   ]
  },
  {
   "cell_type": "code",
   "execution_count": 4,
   "id": "67aed182",
   "metadata": {},
   "outputs": [
    {
     "data": {
